3 1
1
2
3
0 1 2
1 0 2
2 2 0
4 1
3
8
5
7
0 1 2 3
1 0 5 3
2 5 0 4
3 3 4 0
9 4
131
126
745
615
714
651
795
65
425
0 513 901 82 740 564 845 183 74
513 0 211 764 439 739 339 740 323
901 211 0 244 450 141 431 373 452
82 764 244 0 389 326 264 146 865
740 439 450 389 0 403 302 66 29
564 739 141 326 403 0 634 560 519
845 339 431 264 302 634 0 948 84
183 740 373 146 66 560 948 0 879
74 323 452 865 29 519 84 879 0
9 2
984
551
502
329
751
319
207
821
377
0 135 793 26 213 932 272 996 476
135 0 925 287 396 556 129 837 60
793 925 0 937 181 855 620 495 431
26 287 937 0 284 679 196 290 606
213 396 181 284 0 382 602 814 35
932 556 855 679 382 0 463 563 275
272 129 620 196 602 463 0 659 370
996 837 495 290 814 563 659 0 589
476 60 431 606 35 275 370 589 0
3 2
270
492
279
0 554 375
554 0 87
375 87 0
9 1
252
914
251
188
976
147
999
993
112
0 747 523 468 916 744 218 3 637
747 0 688 867 534 848 218 659 158
523 688 0 948 347 940 765 581 633
468 867 948 0 455 838 324 757 858
916 534 347 455 0 382 494 985 622
744 848 940 838 382 0 111 534 409
218 218 765 324 494 111 0 703 422
3 659 581 757 985 534 703 0 160
637 158 633 858 622 409 422 160 0
8 1
729
410
221
298
124
784
959
58
0 488 702 571 798 270 123 742
488 0 554 738 246 641 690 525
702 554 0 312 98 668 55 634
571 738 312 0 116 27 239 541
798 246 98 116 0 738 613 462
270 641 668 27 738 0 685 666
123 690 55 239 613 685 0 416
742 525 634 541 462 666 416 0
6 4
131
860
550
328
648
920
0 800 252 801 828 165
800 0 389 317 48 230
252 389 0 938 59 728
801 317 938 0 910 801
828 48 59 910 0 695
165 230 728 801 695 0
3 2
870
701
26
0 505 951
505 0 742
951 742 0
6 1
786
65
966
237
928
609
0 489 592 365 502 51
489 0 825 479 419 345
592 825 0 581 305 54
365 479 581 0 917 7
502 419 305 917 0 664
51 345 54 7 664 0
7 3
446
499
789
694
102
788
399
0 127 45 164 93 28 58
127 0 515 248 739 129 178
45 515 0 651 657 435 783
164 248 651 0 736 880 927
93 739 657 736 0 209 474
28 129 435 880 209 0 54
58 178 783 927 474 54 0
9 8
388
490
621
85
366
363
397
202
513
0 457 45 855 666 719 872 569 496
457 0 170 447 438 617 443 575 241
45 170 0 33 418 391 989 593 625
855 447 33 0 659 730 720 372 996
666 438 418 659 0 882 557 56 112
719 617 391 730 882 0 230 458 967
872 443 989 720 557 230 0 717 322
569 575 593 372 56 458 717 0 772
496 241 625 996 112 967 322 772 0
6 5
792
422
242
933
405
29
0 774 777 169 649 34
774 0 113 483 191 824
777 113 0 892 38 386
169 483 892 0 537 997
649 191 38 537 0 451
34 824 386 997 451 0
9 7
905
88
369
789
849
734
374
642
307
0 446 431 41 634 686 574 252 725
446 0 619 11 5 26 436 849 296
431 619 0 113 809 761 573 966 134
41 11 113 0 261 233 232 368 536
634 5 809 261 0 993 431 122 449
686 26 761 233 993 0 3 916 356
574 436 573 232 431 3 0 94 536
252 849 966 368 122 916 94 0 528
725 296 134 536 449 356 536 528 0
7 3
17
741
19
276
429
947
382
0 763 349 172 367 800 405
763 0 514 951 184 31 558
349 514 0 287 926 853 201
172 951 287 0 192 195 274
367 184 926 192 0 732 455
800 31 853 195 732 0 14
405 558 201 274 455 14 0
3 3
763
900
675
0 393 47
393 0 641
47 641 0
5 4
973
479
42
266
67
0 635 164 709 9
635 0 56 794 503
164 56 0 698 146
709 794 698 0 541
9 503 146 541 0
2 1
347
515
0 625
625 0
8 5
171
719
466
899
860
777
142
556
0 771 953 533 916 294 551 781
771 0 822 78 260 481 848 944
953 822 0 289 517 135 645 849
533 78 289 0 917 62 13 799
916 260 517 917 0 229 133 695
294 481 135 62 229 0 41 97
551 848 645 13 133 41 0 174
781 944 849 799 695 97 174 0
7 3
681
899
222
913
17
235
185
0 863 636 293 384 522 363
863 0 924 355 446 597 384
636 924 0 106 231 795 589
293 355 106 0 673 473 688
384 446 231 673 0 996 492
522 597 795 473 996 0 668
363 384 589 688 492 668 0
8 7
408
724
234
576
0
349
78
419
0 907 942 231 557 734 99 578
907 0 634 896 787 917 507 575
942 634 0 513 620 494 651 405
231 896 513 0 416 524 287 189
557 787 620 416 0 301 938 970
734 917 494 524 301 0 911 375
99 507 651 287 938 911 0 866
578 575 405 189 970 375 866 0
10 3
112
990
467
870
464
839
497
914
218
866
0 731 99 736 611 305 292 595 52 41
731 0 997 857 683 355 782 450 723 68
99 997 0 815 232 986 730 85 595 378
736 857 815 0 755 263 702 59 810 287
611 683 232 755 0 58 61 712 339 844
305 355 986 263 58 0 844 51 507 406
292 782 730 702 61 844 0 380 501 70
595 450 85 59 712 51 380 0 631 244
52 723 595 810 339 507 501 631 0 660
41 68 378 287 844 406 70 244 660 0
6 3
534
440
984
699
364
822
0 32 994 896 482 362
32 0 218 914 146 818
994 218 0 98 220 298
896 914 98 0 144 877
482 146 220 144 0 577
362 818 298 877 577 0
10 7
629
505
532
346
141
665
998
748
775
768
0 558 176 981 255 859 525 786 142 951
558 0 891 914 49 405 536 736 915 271
176 891 0 708 789 224 224 46 938 689
981 914 708 0 395 474 155 51 351 275
255 49 789 395 0 136 614 728 202 25
859 405 224 474 136 0 443 570 592 694
525 536 224 155 614 443 0 287 356 416
786 736 46 51 728 570 287 0 368 213
142 915 938 351 202 592 356 368 0 719
951 271 689 275 25 694 416 213 719 0
2 2
478
209
0 819
819 0
4 4
810
889
3
940
0 148 989 424
148 0 554 184
989 554 0 257
424 184 257 0
7 5
408
120
530
206
190
709
626
0 616 246 555 754 368 573
616 0 510 837 763 822 907
246 510 0 294 321 55 347
555 837 294 0 393 131 692
754 763 321 393 0 425 59
368 822 55 131 425 0 3
573 907 347 692 59 3 0
10 3
895
671
765
897
615
61
133
953
835
907
0 593 417 555 455 242 574 204 684 281
593 0 758 895 339 79 995 684 175 743
417 758 0 770 583 314 295 442 895 725
555 895 770 0 602 880 218 108 172 696
455 339 583 602 0 183 640 785 958 271
242 79 314 880 183 0 511 898 658 480
574 995 295 218 640 511 0 854 629 89
204 684 442 108 785 898 854 0 448 214
684 175 895 172 958 658 629 448 0 936
281 743 725 696 271 480 89 214 936 0
9 7
107
752
811
79
361
180
476
69
787
0 819 673 110 229 236 316 270 48
819 0 754 837 858 26 978 724 95
673 754 0 772 327 488 581 286 261
110 837 772 0 861 831 711 358 386
229 858 327 861 0 227 641 4 897
236 26 488 831 227 0 496 562 84
316 978 581 711 641 496 0 255 833
270 724 286 358 4 562 255 0 69
48 95 261 386 897 84 833 69 0
4 3
628
285
79
146
0 576 725 621
576 0 290 26
725 290 0 922
621 26 922 0
7 3
873
118
225
325
14
434
769
0 801 274 314 809 18 923
801 0 754 673 903 862 624
274 754 0 604 432 482 585
314 673 604 0 415 116 686
809 903 432 415 0 821 728
18 862 482 116 821 0 447
923 624 585 686 728 447 0
11 3
581
736
330
140
91
831
852
516
808
276
458
0 537 143 940 473 616 285 173 481 314 867
537 0 655 190 955 882 612 959 556 326 184
143 655 0 979 561 690 123 397 436 54 470
940 190 979 0 493 168 174 266 712 754 826
473 955 561 493 0 700 606 466 678 108 942
616 882 690 168 700 0 560 237 989 704 896
285 612 123 174 606 560 0 911 455 166 656
173 959 397 266 466 237 911 0 964 768 848
481 556 436 712 678 989 455 964 0 385 259
314 326 54 754 108 704 166 768 385 0 113
867 184 470 826 942 896 656 848 259 113 0
8 8
579
3
500
712
190
971
910
792
0 895 397 831 210 214 330 977
895 0 652 685 333 282 198 688
397 652 0 584 609 171 653 835
831 685 584 0 211 793 759 47
210 333 609 211 0 673 654 323
214 282 171 793 673 0 711 583
330 198 653 759 654 711 0 155
977 688 835 47 323 583 155 0
11 3
906
585
936
290
79
339
881
288
302
18
879
0 443 857 838 587 981 507 291 653 893 855
443 0 974 745 584 971 656 239 609 808 227
857 974 0 888 749 208 745 492 986 77 805
838 745 888 0 46 166 530 377 713 755 89
587 584 749 46 0 342 378 200 25 786 753
981 971 208 166 342 0 235 744 676 28 522
507 656 745 530 378 235 0 509 571 394 929
291 239 492 377 200 744 509 0 427 388 802
653 609 986 713 25 676 571 427 0 349 795
893 808 77 755 786 28 394 388 349 0 819
855 227 805 89 753 522 929 802 795 819 0
6 5
128
527
197
763
903
201
0 517 226 589 122 658
517 0 309 973 422 868
226 309 0 912 140 902
589 973 912 0 926 983
122 422 140 926 0 835
658 868 902 983 835 0
8 2
423
652
546
661
865
117
937
231
0 93 505 626 742 217 908 163
93 0 718 659 418 733 711 330
505 718 0 445 410 123 304 693
626 659 445 0 641 689 628 730
742 418 410 641 0 973 267 228
217 733 123 689 973 0 874 676
908 711 304 628 267 874 0 577
163 330 693 730 228 676 577 0
8 7
146
494
495
343
102
649
982
49
0 38 371 754 523 716 637 889
38 0 715 121 433 271 808 856
371 715 0 19 308 404 3 952
754 121 19 0 439 525 258 479
523 433 308 439 0 393 81 994
716 271 404 525 393 0 753 925
637 808 3 258 81 753 0 635
889 856 952 479 994 925 635 0
3 1
490
405
783
0 581 588
581 0 805
588 805 0
3 3
622
132
144
0 402 546
402 0 272
546 272 0
5 1
500
22
729
676
415
0 811 225 971 276
811 0 296 931 391
225 296 0 119 486
971 931 119 0 855
276 391 486 855 0
10 5
100
253
817
515
939
507
667
791
221
652
0 355 596 802 572 671 353 70 935 935
355 0 40 672 374 427 916 296 571 415
596 40 0 698 572 83 581 477 785 594
802 672 698 0 598 566 308 925 604 104
572 374 572 598 0 291 409 215 489 618
671 427 83 566 291 0 513 810 117 981
353 916 581 308 409 513 0 948 161 637
70 296 477 925 215 810 948 0 303 733
935 571 785 604 489 117 161 303 0 250
935 415 594 104 618 981 637 733 250 0
13 11
787
844
737
121
953
504
833
519
8
619
845
495
121
0 478 178 326 145 411 878 412 626 555 293 89 703
478 0 664 90 573 593 667 194 428 643 163 28 964
178 664 0 271 76 693 653 608 824 145 557 462 572
326 90 271 0 740 860 464 146 982 219 484 78 876
145 573 76 740 0 68 946 383 971 341 199 60 712
411 593 693 860 68 0 575 909 880 531 926 159 715
878 667 653 464 946 575 0 506 172 145 303 842 374
412 194 608 146 383 909 506 0 758 188 856 826 876
626 428 824 982 971 880 172 758 0 936 989 275 435
555 643 145 219 341 531 145 188 936 0 463 79 348
293 163 557 484 199 926 303 856 989 463 0 971 474
89 28 462 78 60 159 842 826 275 79 971 0 397
703 964 572 876 712 715 374 876 435 348 474 397 0
10 4
574
738
107
227
780
290
946
980
401
340
0 689 618 964 365 896 638 672 922 971
689 0 704 162 807 314 369 489 859 779
618 704 0 228 262 595 215 487 745 327
964 162 228 0 150 717 360 729 487 765
365 807 262 150 0 502 353 840 694 923
896 314 595 717 502 0 366 535 593 845
638 369 215 360 353 366 0 976 675 424
672 489 487 729 840 535 976 0 291 289
922 859 745 487 694 593 675 291 0 714
971 779 327 765 923 845 424 289 714 0
12 2
152
454
330
773
328
638
320
221
894
520
956
468
0 544 408 413 929 564 854 400 889 626 614 603
544 0 679 748 510 120 712 750 40 745 180 696
408 679 0 603 234 183 907 82 965 571 696 33
413 748 603 0 14 255 68 328 646 359 728 998
929 510 234 14 0 894 921 436 690 329 594 179
564 120 183 255 894 0 72 828 884 610 319 802
854 712 907 68 921 72 0 93 67 923 47 236
400 750 82 328 436 828 93 0 638 644 662 882
889 40 965 646 690 884 67 638 0 350 435 918
626 745 571 359 329 610 923 644 350 0 682 1
614 180 696 728 594 319 47 662 435 682 0 275
603 696 33 998 179 802 236 882 918 1 275 0
6 2
920
378
593
591
768
86
0 935 322 785 94 352
935 0 267 34 116 563
322 267 0 343 893 892
785 34 343 0 893 649
94 116 893 893 0 165
352 563 892 649 165 0
4 1
94
36
80
510
0 458 652 407
458 0 258 665
652 258 0 109
407 665 109 0
10 8
704
402
727
127
498
593
178
855
401
40
0 51 752 111 19 672 767 675 956 468
51 0 409 792 337 905 703 829 80 958
752 409 0 427 964 183 209 201 641 64
111 792 427 0 298 777 753 474 818 632
19 337 964 298 0 356 267 463 398 633
672 905 183 777 356 0 281 293 787 557
767 703 209 753 267 281 0 80 346 443
675 829 201 474 463 293 80 0 336 797
956 80 641 818 398 787 346 336 0 574
468 958 64 632 633 557 443 797 574 0
4 4
928
435
262
545
0 170 402 403
170 0 739 755
402 739 0 809
403 755 809 0
14 2
323
32
347
309
787
356
680
968
953
909
499
771
907
157
0 618 842 262 188 832 45 108 935 193 865 27 56 171
618 0 955 937 865 264 451 717 51 121 875 705 657 204
842 955 0 899 108 559 998 139 684 246 147 908 688 463
262 937 899 0 66 619 324 329 366 131 709 737 575 838
188 865 108 66 0 237 21 616 720 513 93 713 312 85
832 264 559 619 237 0 94 420 955 921 996 148 70 612
45 451 998 324 21 94 0 92 242 752 199 211 514 251
108 717 139 329 616 420 92 0 949 246 122 893 606 479
935 51 684 366 720 955 242 949 0 138 735 427 913 494
193 121 246 131 513 921 752 246 138 0 633 811 9 913
865 875 147 709 93 996 199 122 735 633 0 239 668 833
27 705 908 737 713 148 211 893 427 811 239 0 732 525
56 657 688 575 312 70 514 606 913 9 668 732 0 966
171 204 463 838 85 612 251 479 494 913 833 525 966 0
14 12
57
48
683
297
363
685
12
818
223
202
387
759
298
599
0 320 64 195 527 594 985 963 713 324 37 375 226 61
320 0 553 556 398 443 17 227 326 123 871 930 523 367
64 553 0 299 454 19 853 948 170 368 711 533 357 566
195 556 299 0 340 530 402 453 427 258 985 684 800 406
527 398 454 340 0 926 167 660 935 419 975 781 886 511
594 443 19 530 926 0 832 391 549 354 112 117 75 348
985 17 853 402 167 832 0 194 393 781 201 370 795 608
963 227 948 453 660 391 194 0 450 124 569 410 612 5
713 326 170 427 935 549 393 450 0 268 744 349 131 826
324 123 368 258 419 354 781 124 268 0 818 240 232 61
37 871 711 985 975 112 201 569 744 818 0 987 591 338
375 930 533 684 781 117 370 410 349 240 987 0 808 373
226 523 357 800 886 75 795 612 131 232 591 808 0 96
61 367 566 406 511 348 608 5 826 61 338 373 96 0
15 8
648
100
553
503
379
531
537
569
436
502
8
905
977
688
377
0 933 571 719 87 904 270 94 942 9 9 926 292 430 871
933 0 42 785 701 769 323 739 97 654 185 487 902 853 909
571 42 0 378 810 207 422 869 176 497 982 223 386 647 416
719 785 378 0 444 106 117 680 996 765 679 62 966 741 520
87 701 810 444 0 73 491 889 703 733 527 227 221 1000 833
904 769 207 106 73 0 462 979 686 732 113 593 39 367 13
270 323 422 117 491 462 0 681 906 215 799 538 97 860 986
94 739 869 680 889 979 681 0 352 824 448 580 489 162 372
942 97 176 996 703 686 906 352 0 171 267 819 581 868 744
9 654 497 765 733 732 215 824 171 0 92 67 712 291 70
9 185 982 679 527 113 799 448 267 92 0 882 796 901 590
926 487 223 62 227 593 538 580 819 67 882 0 906 875 576
292 902 386 966 221 39 97 489 581 712 796 906 0 121 377
430 853 647 741 1000 367 860 162 868 291 901 875 121 0 386
871 909 416 520 833 13 986 372 744 70 590 576 377 386 0
10 4
528
614
31
914
955
622
520
787
505
850
0 734 823 293 126 283 332 116 990 436
734 0 225 916 980 585 591 725 601 848
823 225 0 136 24 232 353 111 726 282
293 916 136 0 898 243 244 457 635 201
126 980 24 898 0 595 949 396 326 372
283 585 232 243 595 0 645 514 702 592
332 591 353 244 949 645 0 363 424 188
116 725 111 457 396 514 363 0 709 158
990 601 726 635 326 702 424 709 0 618
436 848 282 201 372 592 188 158 618 0
13 12
35
396
682
518
571
674
539
808
429
369
668
741
87
0 716 839 161 149 849 195 900 124 536 748 786 699
716 0 477 362 961 509 36 439 451 535 396 823 795
839 477 0 467 134 273 804 743 341 268 285 53 959
161 362 467 0 80 209 824 937 67 484 256 586 700
149 961 134 80 0 919 338 342 471 804 527 570 93
849 509 273 209 919 0 117 166 39 568 335 705 519
195 36 804 824 338 117 0 192 100 809 149 957 518
900 439 743 937 342 166 192 0 263 497 465 631 928
124 451 341 67 471 39 100 263 0 601 745 469 820
536 535 268 484 804 568 809 497 601 0 83 664 19
748 396 285 256 527 335 149 465 745 83 0 452 198
786 823 53 586 570 705 957 631 469 664 452 0 528
699 795 959 700 93 519 518 928 820 19 198 528 0
4 1
240
877
335
820
0 299 96 503
299 0 201 473
96 201 0 614
503 473 614 0
18 8
998
378
330
231
837
837
206
74
154
920
596
540
302
868
609
620
578
823
0 761 406 228 836 942 881 836 37 263 464 321 71 691 665 359 282 690
761 0 981 664 411 413 716 828 832 79 47 812 327 72 858 167 715 106
406 981 0 532 576 109 876 252 727 763 484 330 491 799 265 351 505 159
228 664 532 0 423 633 862 996 876 559 840 697 807 166 683 482 640 86
836 411 576 423 0 432 766 786 868 232 299 701 796 478 325 689 578 362
942 413 109 633 432 0 994 29 877 401 597 44 266 306 101 233 96 572
881 716 876 862 766 994 0 561 289 397 843 762 671 957 25 461 446 641
836 828 252 996 786 29 561 0 105 875 495 124 382 999 802 877 66 588
37 832 727 876 868 877 289 105 0 265 849 75 505 143 625 472 9 280
263 79 763 559 232 401 397 875 265 0 308 386 339 362 185 669 43 361
464 47 484 840 299 597 843 495 849 308 0 347 366 867 169 144 862 801
321 812 330 697 701 44 762 124 75 386 347 0 588 712 748 358 171 679
71 327 491 807 796 266 671 382 505 339 366 588 0 8 33 361 847 924
691 72 799 166 478 306 957 999 143 362 867 712 8 0 142 387 397 109
665 858 265 683 325 101 25 802 625 185 169 748 33 142 0 318 580 941
359 167 351 482 689 233 461 877 472 669 144 358 361 387 318 0 247 787
282 715 505 640 578 96 446 66 9 43 862 171 847 397 580 247 0 981
690 106 159 86 362 572 641 588 280 361 801 679 924 109 941 787 981 0
18 12
439
617
427
697
499
686
476
507
664
624
403
409
116
344
834
983
435
154
0 337 566 392 613 464 77 694 427 449 120 862 495 878 62 535 149 716
337 0 979 212 581 19 478 407 642 284 238 753 183 422 77 691 217 84
566 979 0 278 548 480 703 419 263 87 963 439 167 290 448 787 515 295
392 212 278 0 48 884 336 958 712 681 527 290 868 210 893 665 916 396
613 581 548 48 0 80 40 325 625 853 40 957 620 99 925 927 498 683
464 19 480 884 80 0 924 791 596 991 132 882 1 316 422 5 464 669
77 478 703 336 40 924 0 199 977 380 125 276 168 344 881 812 127 129
694 407 419 958 325 791 199 0 744 801 375 371 55 288 361 603 581 625
427 642 263 712 625 596 977 744 0 550 388 256 208 832 790 723 873 385
449 284 87 681 853 991 380 801 550 0 544 445 67 502 222 342 899 919
120 238 963 527 40 132 125 375 388 544 0 382 848 89 886 220 88 479
862 753 439 290 957 882 276 371 256 445 382 0 561 765 399 86 893 616
495 183 167 868 620 1 168 55 208 67 848 561 0 730 275 33 992 802
878 422 290 210 99 316 344 288 832 502 89 765 730 0 423 981 135 225
62 77 448 893 925 422 881 361 790 222 886 399 275 423 0 892 206 197
535 691 787 665 927 5 812 603 723 342 220 86 33 981 892 0 634 955
149 217 515 916 498 464 127 581 873 899 88 893 992 135 206 634 0 799
716 84 295 396 683 669 129 625 385 919 479 616 802 225 197 955 799 0
15 15
585
331
264
401
297
765
787
288
62
973
180
966
480
903
387
0 821 832 238 4 522 316 557 144 643 10 104 594 274 250
821 0 160 974 929 781 605 886 235 69 627 911 96 212 979
832 160 0 584 651 350 661 338 354 403 263 323 874 612 509
238 974 584 0 117 492 567 965 459 471 238 541 692 683 769
4 929 651 117 0 947 72 615 108 785 239 456 451 364 289
522 781 350 492 947 0 695 897 455 48 430 280 257 785 606
316 605 661 567 72 695 0 931 487 2 24 344 271 53 350
557 886 338 965 615 897 931 0 585 90 931 925 689 941 860
144 235 354 459 108 455 487 585 0 986 667 541 850 374 678
643 69 403 471 785 48 2 90 986 0 508 733 863 806 268
10 627 263 238 239 430 24 931 667 508 0 817 156 228 103
104 911 323 541 456 280 344 925 541 733 817 0 419 460 533
594 96 874 692 451 257 271 689 850 863 156 419 0 921 147
274 212 612 683 364 785 53 941 374 806 228 460 921 0 460
250 979 509 769 289 606 350 860 678 268 103 533 147 460 0
17 11
643
595
487
339
901
243
848
724
316
687
615
904
705
332
250
799
934
0 175 200 767 1000 512 962 694 405 591 397 662 284 955 787 508 251
175 0 899 199 718 67 331 886 448 376 789 93 155 693 721 734 276
200 899 0 556 866 900 205 907 127 998 890 826 35 929 257 417 114
767 199 556 0 77 871 583 120 817 91 421 319 163 850 792 332 368
1000 718 866 77 0 102 205 191 625 691 832 974 430 648 173 861 341
512 67 900 871 102 0 414 295 75 403 505 166 404 507 7 483 407
962 331 205 583 205 414 0 916 449 248 763 740 918 890 939 571 614
694 886 907 120 191 295 916 0 664 2 410 522 678 917 434 446 162
405 448 127 817 625 75 449 664 0 652 241 383 735 413 336 327 663
591 376 998 91 691 403 248 2 652 0 485 528 554 276 859 906 724
397 789 890 421 832 505 763 410 241 485 0 919 115 381 217 898 692
662 93 826 319 974 166 740 522 383 528 919 0 210 728 529 599 820
284 155 35 163 430 404 918 678 735 554 115 210 0 805 154 580 972
955 693 929 850 648 507 890 917 413 276 381 728 805 0 225 565 179
787 721 257 792 173 7 939 434 336 859 217 529 154 225 0 984 585
508 734 417 332 861 483 571 446 327 906 898 599 580 565 984 0 559
251 276 114 368 341 407 614 162 663 724 692 820 972 179 585 559 0
10 5
935
736
665
399
785
28
969
423
877
919
0 308 91 342 771 508 579 190 644 297
308 0 588 791 97 391 391 463 956 771
91 588 0 854 223 2 442 986 209 926
342 791 854 0 974 711 379 603 903 386
771 97 223 974 0 548 214 826 745 346
508 391 2 711 548 0 89 552 104 302
579 391 442 379 214 89 0 380 725 300
190 463 986 603 826 552 380 0 205 687
644 956 209 903 745 104 725 205 0 82
297 771 926 386 346 302 300 687 82 0
5 1
129
89
884
229
684
0 903 271 804 507
903 0 374 714 906
271 374 0 81 493
804 714 81 0 595
507 906 493 595 0
2 1
126
882
0 49
49 0
7 7
301
946
110
669
689
849
198
0 561 163 738 235 411 283
561 0 226 963 548 159 503
163 226 0 221 989 500 483
738 963 221 0 820 794 672
235 548 989 820 0 414 385
411 159 500 794 414 0 321
283 503 483 672 385 321 0
23 7
70
342
616
808
127
975
840
339
804
463
99
941
266
130
618
749
872
925
596
172
597
951
809
0 506 343 744 237 297 14 484 581 511 998 395 805 132 299 200 126 709 319 467 502 828 590
506 0 69 626 311 979 593 207 10 235 146 30 834 151 276 414 472 344 171 612 133 363 178
343 69 0 965 664 764 369 244 801 630 222 262 401 768 990 842 129 276 128 791 875 129 151
744 626 965 0 14 600 728 546 591 247 523 282 159 7 889 111 62 609 71 983 159 301 984
237 311 664 14 0 164 920 768 533 273 857 567 424 65 490 266 10 916 661 152 757 654 499
297 979 764 600 164 0 154 131 286 715 55 725 792 444 188 592 399 139 829 241 835 856 573
14 593 369 728 920 154 0 545 970 571 390 908 663 956 677 524 388 744 581 834 900 199 470
484 207 244 546 768 131 545 0 124 514 291 146 194 176 851 724 899 581 229 37 252 477 466
581 10 801 591 533 286 970 124 0 716 512 438 290 521 356 949 521 231 217 763 610 852 500
511 235 630 247 273 715 571 514 716 0 360 735 470 306 874 363 67 549 642 774 989 604 235
998 146 222 523 857 55 390 291 512 360 0 936 8 6 448 865 185 343 56 204 333 307 329
395 30 262 282 567 725 908 146 438 735 936 0 628 68 727 454 535 384 415 350 343 710 786
805 834 401 159 424 792 663 194 290 470 8 628 0 915 383 815 41 59 955 667 511 191 944
132 151 768 7 65 444 956 176 521 306 6 68 915 0 67 827 310 2 769 600 749 276 214
299 276 990 889 490 188 677 851 356 874 448 727 383 67 0 325 437 370 408 368 673 787 846
200 414 842 111 266 592 524 724 949 363 865 454 815 827 325 0 742 786 331 858 366 617 812
126 472 129 62 10 399 388 899 521 67 185 535 41 310 437 742 0 130 51 672 172 74 640
709 344 276 609 916 139 744 581 231 549 343 384 59 2 370 786 130 0 469 153 593 565 276
319 171 128 71 661 829 581 229 217 642 56 415 955 769 408 331 51 469 0 817 174 344 608
467 612 791 983 152 241 834 37 763 774 204 350 667 600 368 858 672 153 817 0 983 648 263
502 133 875 159 757 835 900 252 610 989 333 343 511 749 673 366 172 593 174 983 0 102 935
828 363 129 301 654 856 199 477 852 604 307 710 191 276 787 617 74 565 344 648 102 0 783
590 178 151 984 499 573 470 466 500 235 329 786 944 214 846 812 640 276 608 263 935 783 0
11 4
450
385
733
390
565
29
274
349
716
526
182
0 99 638 406 99 632 576 543 627 686 106
99 0 438 35 246 655 294 925 88 399 710
638 438 0 215 292 906 256 634 731 637 902
406 35 215 0 717 976 78 987 247 993 516
99 246 292 717 0 948 348 668 432 273 447
632 655 906 976 948 0 56 376 388 413 137
576 294 256 78 348 56 0 186 45 418 575
543 925 634 987 668 376 186 0 486 823 429
627 88 731 247 432 388 45 486 0 644 180
686 399 637 993 273 413 418 823 644 0 635
106 710 902 516 447 137 575 429 180 635 0
19 8
451
510
112
642
67
785
257
213
915
933
438
37
228
418
212
533
519
691
386
0 584 820 376 427 199 431 400 487 156 493 384 384 412 326 771 569 74 850
584 0 223 970 422 840 250 464 769 156 136 114 684 958 314 415 588 63 85
820 223 0 355 124 295 860 705 160 970 810 49 289 273 560 42 673 76 15
376 970 355 0 139 725 613 371 924 666 160 285 698 493 526 907 327 187 689
427 422 124 139 0 909 447 898 602 431 702 194 118 958 728 324 199 697 673
199 840 295 725 909 0 5 775 414 554 742 79 437 949 452 229 141 112 487
431 250 860 613 447 5 0 260 905 445 641 853 783 426 469 852 317 860 985
400 464 705 371 898 775 260 0 253 152 55 489 125 490 456 793 581 399 259
487 769 160 924 602 414 905 253 0 135 105 685 504 955 767 885 992 580 979
156 156 970 666 431 554 445 152 135 0 674 206 537 952 949 169 40 176 210
493 136 810 160 702 742 641 55 105 674 0 606 774 340 931 370 836 719 887
384 114 49 285 194 79 853 489 685 206 606 0 148 946 900 599 553 955 681
384 684 289 698 118 437 783 125 504 537 774 148 0 837 738 244 819 321 936
412 958 273 493 958 949 426 490 955 952 340 946 837 0 578 288 481 567 407
326 314 560 526 728 452 469 456 767 949 931 900 738 578 0 892 20 784 201
771 415 42 907 324 229 852 793 885 169 370 599 244 288 892 0 571 363 640
569 588 673 327 199 141 317 581 992 40 836 553 819 481 20 571 0 751 998
74 63 76 187 697 112 860 399 580 176 719 955 321 567 784 363 751 0 428
850 85 15 689 673 487 985 259 979 210 887 681 936 407 201 640 998 428 0
10 9
623
596
801
450
223
281
184
532
496
322
0 957 674 444 188 377 819 799 338 362
957 0 552 567 719 777 722 809 819 582
674 552 0 200 55 191 278 523 926 646
444 567 200 0 644 648 675 19 782 66
188 719 55 644 0 886 801 110 538 422
377 777 191 648 886 0 483 353 116 828
819 722 278 675 801 483 0 729 165 967
799 809 523 19 110 353 729 0 868 915
338 819 926 782 538 116 165 868 0 155
362 582 646 66 422 828 967 915 155 0
4 2
516
979
906
266
0 392 663 504
392 0 755 672
663 755 0 720
504 672 720 0
20 7
182
68
142
594
404
593
806
37
777
499
784
778
329
273
295
127
43
207
703
133
0 247 373 415 159 890 949 235 980 998 689 664 323 761 857 982 510 346 211 109
247 0 23 68 805 430 239 434 967 184 990 413 516 724 764 357 903 293 46 681
373 23 0 275 407 388 444 34 963 168 135 47 604 913 885 703 761 581 342 953
415 68 275 0 359 5 68 231 243 594 140 348 153 13 145 381 731 292 387 525
159 805 407 359 0 657 897 278 729 722 20 915 234 949 345 424 592 662 980 140
890 430 388 5 657 0 547 104 689 355 109 771 120 186 748 491 645 1000 148 149
949 239 444 68 897 547 0 566 994 472 30 13 25 360 577 917 57 679 757 762
235 434 34 231 278 104 566 0 209 140 785 521 890 744 37 790 925 71 798 421
980 967 963 243 729 689 994 209 0 926 79 133 488 879 742 62 159 938 296 152
998 184 168 594 722 355 472 140 926 0 325 47 605 773 983 94 697 327 471 738
689 990 135 140 20 109 30 785 79 325 0 965 877 71 771 468 273 650 21 744
664 413 47 348 915 771 13 521 133 47 965 0 280 124 394 18 557 377 401 232
323 516 604 153 234 120 25 890 488 605 877 280 0 34 659 217 248 372 429 878
761 724 913 13 949 186 360 744 879 773 71 124 34 0 275 177 932 566 949 225
857 764 885 145 345 748 577 37 742 983 771 394 659 275 0 134 657 537 55 978
982 357 703 381 424 491 917 790 62 94 468 18 217 177 134 0 819 865 322 623
510 903 761 731 592 645 57 925 159 697 273 557 248 932 657 819 0 552 379 748
346 293 581 292 662 1000 679 71 938 327 650 377 372 566 537 865 552 0 121 530
211 46 342 387 980 148 757 798 296 471 21 401 429 949 55 322 379 121 0 240
109 681 953 525 140 149 762 421 152 738 744 232 878 225 978 623 748 530 240 0
20 10
697
965
469
445
520
580
845
48
152
61
545
281
180
37
917
832
544
514
368
198
0 447 518 186 786 192 926 286 176 356 966 851 105 950 612 253 373 422 858 530
447 0 244 572 393 83 828 750 641 249 621 534 70 562 153 611 125 455 511 371
518 244 0 940 251 974 890 87 562 766 433 974 523 787 102 52 644 347 3 394
186 572 940 0 8 703 854 722 256 22 885 768 675 556 339 298 435 273 475 641
786 393 251 8 0 318 230 896 615 533 459 831 576 949 980 122 670 223 450 498
192 83 974 703 318 0 716 310 773 224 924 981 415 976 252 26 108 666 242 979
926 828 890 854 230 716 0 518 126 217 164 4 372 956 882 234 781 431 78 332
286 750 87 722 896 310 518 0 881 501 145 917 974 251 857 28 857 275 5 381
176 641 562 256 615 773 126 881 0 317 550 979 918 173 17 875 328 967 624 696
356 249 766 22 533 224 217 501 317 0 205 80 792 907 865 270 221 3 824 789
966 621 433 885 459 924 164 145 550 205 0 260 701 95 689 587 43 823 493 789
851 534 974 768 831 981 4 917 979 80 260 0 788 516 614 409 665 597 576 562
105 70 523 675 576 415 372 974 918 792 701 788 0 647 636 395 282 806 220 552
950 562 787 556 949 976 956 251 173 907 95 516 647 0 23 413 234 366 839 47
612 153 102 339 980 252 882 857 17 865 689 614 636 23 0 651 443 688 478 757
253 611 52 298 122 26 234 28 875 270 587 409 395 413 651 0 449 936 154 835
373 125 644 435 670 108 781 857 328 221 43 665 282 234 443 449 0 528 891 782
422 455 347 273 223 666 431 275 967 3 823 597 806 366 688 936 528 0 968 569
858 511 3 475 450 242 78 5 624 824 493 576 220 839 478 154 891 968 0 619
530 371 394 641 498 979 332 381 696 789 789 562 552 47 757 835 782 569 619 0
12 5
29
193
90
940
635
210
154
276
841
37
299
992
0 353 818 7 210 695 252 553 331 601 806 202
353 0 635 293 755 895 741 969 63 869 426 84
818 635 0 268 811 681 767 119 810 469 608 552
7 293 268 0 124 452 67 56 766 127 116 173
210 755 811 124 0 43 621 349 145 886 139 768
695 895 681 452 43 0 641 131 422 859 337 907
252 741 767 67 621 641 0 793 694 501 195 586
553 969 119 56 349 131 793 0 489 282 752 486
331 63 810 766 145 422 694 489 0 142 674 856
601 869 469 127 886 859 501 282 142 0 653 344
806 426 608 116 139 337 195 752 674 653 0 670
202 84 552 173 768 907 586 486 856 344 670 0
19 18
494
718
445
262
920
820
977
158
606
951
285
863
176
228
854
52
534
271
149
0 157 837 672 472 446 673 240 94 929 501 969 290 680 947 693 223 20 754
157 0 94 827 124 996 901 412 511 305 351 987 587 676 937 58 774 543 229
837 94 0 254 721 421 485 705 476 148 955 543 876 894 899 698 817 122 256
672 827 254 0 988 477 540 939 984 807 965 563 110 829 8 310 945 568 147
472 124 721 988 0 677 255 729 766 469 556 146 819 314 419 639 650 278 251
446 996 421 477 677 0 906 495 23 273 966 106 39 304 772 371 973 42 345
673 901 485 540 255 906 0 984 201 289 585 701 540 390 628 335 245 109 518
240 412 705 939 729 495 984 0 37 752 363 37 107 186 189 827 388 335 631
94 511 476 984 766 23 201 37 0 779 915 852 134 841 854 249 331 474 592
929 305 148 807 469 273 289 752 779 0 246 276 403 114 294 136 605 853 889
501 351 955 965 556 966 585 363 915 246 0 142 949 310 403 691 338 46 642
969 987 543 563 146 106 701 37 852 276 142 0 446 448 421 965 386 273 891
290 587 876 110 819 39 540 107 134 403 949 446 0 15 927 579 627 339 125
680 676 894 829 314 304 390 186 841 114 310 448 15 0 533 324 682 639 755
947 937 899 8 419 772 628 189 854 294 403 421 927 533 0 604 831 600 129
693 58 698 310 639 371 335 827 249 136 691 965 579 324 604 0 979 52 108
223 774 817 945 650 973 245 388 331 605 338 386 627 682 831 979 0 123 994
20 543 122 568 278 42 109 335 474 853 46 273 339 639 600 52 123 0 766
754 229 256 147 251 345 518 631 592 889 642 891 125 755 129 108 994 766 0
22 3
54
313
176
611
101
586
363
322
28
219
47
61
251
262
284
627
46
47
61
435
40
651
0 930 42 655 547 451 708 486 356 111 819 434 880 257 236 700 254 92 550 718 950 115
930 0 670 190 369 599 342 94 957 157 380 388 959 811 670 803 153 16 460 860 715 397
42 670 0 310 594 117 612 292 841 682 995 588 554 169 461 366 590 141 869 76 844 973
655 190 310 0 904 725 625 5 646 232 947 587 68 302 154 950 738 488 907 679 916 888
547 369 594 904 0 907 236 255 403 940 138 650 923 319 696 534 555 62 723 67 476 300
451 599 117 725 907 0 227 72 693 948 212 62 447 259 48 42 526 235 594 838 955 93
708 342 612 625 236 227 0 430 667 294 873 716 461 745 133 660 907 304 712 955 481 437
486 94 292 5 255 72 430 0 90 867 156 736 482 209 657 675 219 79 530 515 660 794
356 957 841 646 403 693 667 90 0 62 74 619 894 812 834 989 853 180 172 140 502 962
111 157 682 232 940 948 294 867 62 0 142 837 994 152 211 637 970 742 469 808 725 129
819 380 995 947 138 212 873 156 74 142 0 822 918 454 213 219 907 137 792 329 721 678
434 388 588 587 650 62 716 736 619 837 822 0 685 554 627 262 218 496 48 834 327 258
880 959 554 68 923 447 461 482 894 994 918 685 0 499 972 330 132 163 933 315 256 116
257 811 169 302 319 259 745 209 812 152 454 554 499 0 597 153 131 745 433 696 555 315
236 670 461 154 696 48 133 657 834 211 213 627 972 597 0 886 280 356 267 731 355 970
700 803 366 950 534 42 660 675 989 637 219 262 330 153 886 0 552 237 522 752 6 573
254 153 590 738 555 526 907 219 853 970 907 218 132 131 280 552 0 924 295 11 276 405
92 16 141 488 62 235 304 79 180 742 137 496 163 745 356 237 924 0 882 239 942 63
550 460 869 907 723 594 712 530 172 469 792 48 933 433 267 522 295 882 0 390 375 644
718 860 76 679 67 838 955 515 140 808 329 834 315 696 731 752 11 239 390 0 215 295
950 715 844 916 476 955 481 660 502 725 721 327 256 555 355 6 276 942 375 215 0 718
115 397 973 888 300 93 437 794 962 129 678 258 116 315 970 573 405 63 644 295 718 0
22 12
461
440
538
409
478
860
185
80
653
703
645
377
928
335
72
135
776
595
13
714
305
148
0 627 460 258 552 591 37 470 171 370 539 560 161 68 786 629 500 285 387 178 14 116
627 0 396 487 52 364 836 732 920 640 881 80 897 422 112 336 729 265 993 684 483 521
460 396 0 724 677 566 574 763 59 267 2 206 979 663 412 29 462 373 56 422 764 219
258 487 724 0 163 467 143 967 373 703 917 999 903 645 461 906 588 868 442 605 868 83
552 52 677 163 0 837 270 420 901 628 991 529 609 121 23 466 658 622 851 958 933 196
591 364 566 467 837 0 972 778 852 843 861 549 454 596 260 343 672 466 514 539 293 783
37 836 574 143 270 972 0 561 214 421 730 609 448 221 853 70 655 802 213 714 498 851
470 732 763 967 420 778 561 0 996 755 851 547 504 736 262 968 94 13 710 963 409 584
171 920 59 373 901 852 214 996 0 407 996 892 424 718 401 224 298 660 618 718 711 913
370 640 267 703 628 843 421 755 407 0 381 766 277 862 241 248 31 643 665 776 284 15
539 881 2 917 991 861 730 851 996 381 0 287 143 586 77 2 284 188 827 5 145 223
560 80 206 999 529 549 609 547 892 766 287 0 502 917 962 381 130 391 712 540 990 652
161 897 979 903 609 454 448 504 424 277 143 502 0 844 655 348 523 607 782 93 825 925
68 422 663 645 121 596 221 736 718 862 586 917 844 0 596 691 847 235 629 776 919 694
786 112 412 461 23 260 853 262 401 241 77 962 655 596 0 194 76 740 562 155 956 246
629 336 29 906 466 343 70 968 224 248 2 381 348 691 194 0 396 15 197 591 623 11
500 729 462 588 658 672 655 94 298 31 284 130 523 847 76 396 0 113 541 690 349 856
285 265 373 868 622 466 802 13 660 643 188 391 607 235 740 15 113 0 756 371 291 759
387 993 56 442 851 514 213 710 618 665 827 712 782 629 562 197 541 756 0 223 893 789
178 684 422 605 958 539 714 963 718 776 5 540 93 776 155 591 690 371 223 0 886 699
14 483 764 868 933 293 498 409 711 284 145 990 825 919 956 623 349 291 893 886 0 45
116 521 219 83 196 783 851 584 913 15 223 652 925 694 246 11 856 759 789 699 45 0
5 4
8
498
356
356
348
0 827 318 251 991
827 0 130 660 970
318 130 0 126 670
251 660 126 0 135
991 970 670 135 0
7 4
950
682
854
513
769
178
731
0 320 220 411 349 537 106
320 0 586 771 441 119 274
220 586 0 594 372 272 526
411 771 594 0 671 557 753
349 441 372 671 0 576 141
537 119 272 557 576 0 975
106 274 526 753 141 975 0
12 8
679
67
251
899
339
670
469
727
927
743
883
768
0 628 972 814 835 434 245 839 829 201 181 484
628 0 598 443 819 660 982 49 56 951 174 581
972 598 0 961 519 373 628 17 963 320 694 585
814 443 961 0 979 260 118 375 357 835 173 601
835 819 519 979 0 710 865 275 148 756 690 45
434 660 373 260 710 0 734 864 59 226 907 777
245 982 628 118 865 734 0 137 199 968 907 705
839 49 17 375 275 864 137 0 307 834 775 397
829 56 963 357 148 59 199 307 0 380 786 460
201 951 320 835 756 226 968 834 380 0 560 448
181 174 694 173 690 907 907 775 786 560 0 103
484 581 585 601 45 777 705 397 460 448 103 0
21 20
807
207
975
874
486
108
323
758
191
15
958
257
484
789
74
273
579
131
652
597
19
0 599 892 485 93 148 971 392 373 281 723 9 71 510 913 911 734 91 40 647 416
599 0 888 263 400 374 899 619 763 767 761 599 422 891 244 79 611 253 93 917 937
892 888 0 714 487 354 767 415 48 206 48 735 692 835 720 161 351 460 729 640 639
485 263 714 0 67 546 132 764 103 685 597 109 708 964 96 393 381 463 747 542 28
93 400 487 67 0 372 130 961 258 299 740 474 971 581 631 131 768 513 823 310 368
148 374 354 546 372 0 42 502 232 744 24 430 590 823 546 322 346 703 525 634 490
971 899 767 132 130 42 0 29 988 349 381 394 556 345 555 426 706 862 608 921 603
392 619 415 764 961 502 29 0 520 668 109 991 491 826 879 731 953 419 963 938 231
373 763 48 103 258 232 988 520 0 943 311 816 318 439 505 91 581 569 288 334 507
281 767 206 685 299 744 349 668 943 0 969 668 91 26 185 418 724 111 677 56 845
723 761 48 597 740 24 381 109 311 969 0 398 37 943 106 947 568 390 241 467 993
9 599 735 109 474 430 394 991 816 668 398 0 506 932 497 545 19 661 604 825 234
71 422 692 708 971 590 556 491 318 91 37 506 0 14 813 817 975 348 311 530 831
510 891 835 964 581 823 345 826 439 26 943 932 14 0 831 47 5 987 689 851 214
913 244 720 96 631 546 555 879 505 185 106 497 813 831 0 652 344 351 856 306 474
911 79 161 393 131 322 426 731 91 418 947 545 817 47 652 0 194 422 147 548 663
734 611 351 381 768 346 706 953 581 724 568 19 975 5 344 194 0 907 784 831 368
91 253 460 463 513 703 862 419 569 111 390 661 348 987 351 422 907 0 479 691 7
40 93 729 747 823 525 608 963 288 677 241 604 311 689 856 147 784 479 0 964 599
647 917 640 542 310 634 921 938 334 56 467 825 530 851 306 548 831 691 964 0 181
416 937 639 28 368 490 603 231 507 845 993 234 831 214 474 663 368 7 599 181 0
28 17
543
796
960
140
598
130
708
653
39
249
601
89
296
426
920
231
825
589
868
876
906
339
738
130
624
727
646
691
0 975 412 943 852 326 295 630 988 361 380 551 555 367 894 244 711 957 663 114 921 367 936 722 759 691 987 439
975 0 963 147 228 887 816 365 814 385 564 208 969 777 521 597 561 570 518 96 603 617 683 169 672 577 1 876
412 963 0 820 521 352 273 832 894 650 80 563 566 516 565 975 27 173 915 552 23 455 817 607 450 915 926 645
943 147 820 0 366 25 946 411 803 221 402 222 148 260 775 536 308 686 220 513 918 94 19 365 553 668 731 511
852 228 521 366 0 708 515 823 147 411 982 46 968 862 190 330 684 874 847 279 410 839 825 714 671 214 185 932
326 887 352 25 708 0 59 796 407 458 378 215 827 666 394 595 257 220 214 90 547 578 233 286 573 550 383 252
295 816 273 946 515 59 0 372 975 253 583 288 711 129 406 937 331 828 187 45 272 115 337 151 415 621 713 260
630 365 832 411 823 796 372 0 92 39 881 502 841 299 714 443 754 551 740 120 293 130 680 175 768 793 698 809
988 814 894 803 147 407 975 92 0 22 488 969 172 759 892 844 604 523 213 154 624 387 184 606 12 245 330 261
361 385 650 221 411 458 253 39 22 0 516 954 618 94 936 117 45 526 66 282 965 348 804 968 131 199 103 284
380 564 80 402 982 378 583 881 488 516 0 649 690 703 188 444 417 834 773 231 820 519 658 99 533 283 257 506
551 208 563 222 46 215 288 502 969 954 649 0 150 830 275 635 332 708 136 639 482 536 861 82 932 971 980 629
555 969 566 148 968 827 711 841 172 618 690 150 0 393 882 213 129 659 982 438 646 671 732 580 625 771 876 493
367 777 516 260 862 666 129 299 759 94 703 830 393 0 28 721 471 4 951 943 994 600 300 959 120 682 344 818
894 521 565 775 190 394 406 714 892 936 188 275 882 28 0 3 809 421 740 154 275 893 76 303 586 9 587 351
244 597 975 536 330 595 937 443 844 117 444 635 213 721 3 0 496 664 430 164 641 691 657 464 940 29 474 919
711 561 27 308 684 257 331 754 604 45 417 332 129 471 809 496 0 125 455 511 303 994 881 270 652 296 861 895
957 570 173 686 874 220 828 551 523 526 834 708 659 4 421 664 125 0 932 905 734 63 609 764 22 212 645 210
663 518 915 220 847 214 187 740 213 66 773 136 982 951 740 430 455 932 0 108 680 311 432 788 852 227 838 713
114 96 552 513 279 90 45 120 154 282 231 639 438 943 154 164 511 905 108 0 50 112 651 798 519 779 138 834
921 603 23 918 410 547 272 293 624 965 820 482 646 994 275 641 303 734 680 50 0 659 226 501 945 702 954 652
367 617 455 94 839 578 115 130 387 348 519 536 671 600 893 691 994 63 311 112 659 0 791 641 961 426 863 822
936 683 817 19 825 233 337 680 184 804 658 861 732 300 76 657 881 609 432 651 226 791 0 248 469 714 230 160
722 169 607 365 714 286 151 175 606 968 99 82 580 959 303 464 270 764 788 798 501 641 248 0 984 364 533 78
759 672 450 553 671 573 415 768 12 131 533 932 625 120 586 940 652 22 852 519 945 961 469 984 0 454 784 827
691 577 915 668 214 550 621 793 245 199 283 971 771 682 9 29 296 212 227 779 702 426 714 364 454 0 529 53
987 1 926 731 185 383 713 698 330 103 257 980 876 344 587 474 861 645 838 138 954 863 230 533 784 529 0 107
439 876 645 511 932 252 260 809 261 284 506 629 493 818 351 919 895 210 713 834 652 822 160 78 827 53 107 0
9 7
564
621
789
534
11
716
181
33
126
0 876 414 179 190 97 46 461 997
876 0 37 11 676 483 885 664 387
414 37 0 577 453 648 237 800 963
179 11 577 0 739 383 903 873 859
